% time     seconds  usecs/call     calls    errors syscall
------ ----------- ----------- --------- --------- ----------------
 27.70    0.000344           7        45        18 openat
 13.20    0.000164           2        57           pselect6
  9.42    0.000117           2        56           rt_sigaction
  8.29    0.000103           2        42           read
  6.76    0.000084           3        28           close
  6.04    0.000075           2        30           mmap
  4.99    0.000062           2        29           fstat
  4.67    0.000058           7         8           write
  3.30    0.000041           2        15         2 newfstatat
  2.66    0.000033           1        18        18 ioctl
  2.01    0.000025           5         5           mprotect
  2.01    0.000025           2        12           rt_sigprocmask
  1.29    0.000016          16         1         1 faccessat2
  1.05    0.000013           2         5           brk
  0.81    0.000010           2         4         1 fcntl
  0.72    0.000009           9         1           chown
  0.48    0.000006           3         2         1 access
  0.48    0.000006           6         1           dup2
  0.48    0.000006           1         4           getpid
  0.40    0.000005           1         3           setpgid
  0.40    0.000005           2         2           setfsuid
  0.40    0.000005           1         3           prlimit64
  0.32    0.000004           2         2           setfsgid
  0.24    0.000003           1         2           lseek
  0.24    0.000003           1         2           getuid
  0.24    0.000003           3         1           getgid
  0.24    0.000003           3         1           geteuid
  0.24    0.000003           1         3           getppid
  0.24    0.000003           3         1           getresgid
  0.16    0.000002           1         2           getrandom
  0.08    0.000001           1         1           dup
  0.08    0.000001           1         1           uname
  0.08    0.000001           1         1           getegid
  0.08    0.000001           1         1           getpgrp
  0.08    0.000001           1         1           getresuid
  0.08    0.000001           1         1           futex
  0.00    0.000000           0         1           execve
  0.00    0.000000           0         1           arch_prctl
  0.00    0.000000           0         1           set_tid_address
  0.00    0.000000           0         1           set_robust_list
  0.00    0.000000           0         1           rseq
------ ----------- ----------- --------- --------- ----------------
100.00    0.001242           3       396        41 total
