% time     seconds  usecs/call     calls    errors syscall
------ ----------- ----------- --------- --------- ----------------
 76.95    0.009650         689        14         4 wait4
  4.42    0.000554           1       301       121 openat
  3.16    0.000396          39        10           clone
  2.43    0.000305           1       212           mmap
  2.35    0.000295           1       251         8 close
  2.11    0.000264          20        13         4 execve
  1.32    0.000166           0       184           fstat
  1.22    0.000153           2        71        12 newfstatat
  0.93    0.000117           1       105           rt_sigprocmask
  0.87    0.000109          18         6           faccessat2
  0.75    0.000094           1        55           read
  0.61    0.000077           0        78           rt_sigaction
  0.56    0.000070           7        10           getdents64
  0.29    0.000036           1        31           mprotect
  0.22    0.000027           1        22           fcntl
  0.20    0.000025           1        21         9 access
  0.19    0.000024           2         9           pipe2
  0.18    0.000023           0        29           brk
  0.11    0.000014           1        14           prlimit64
  0.10    0.000012           1         7         7 ioctl
  0.10    0.000012           4         3           getppid
  0.09    0.000011           2         4           rt_sigreturn
  0.09    0.000011           0        18           getrandom
  0.08    0.000010           0        15           getpid
  0.07    0.000009           2         4           write
  0.06    0.000007           0        16           dup2
  0.06    0.000007           0        12           getuid
  0.06    0.000007           0        12           geteuid
  0.05    0.000006           2         3           uname
  0.05    0.000006           0        12           getgid
  0.04    0.000005           2         2           lseek
  0.04    0.000005           2         2           fchdir
  0.03    0.000004           0        12           getegid
  0.03    0.000004           0         9           arch_prctl
  0.03    0.000004           0         9           futex
  0.03    0.000004           1         4         2 fadvise64
  0.03    0.000004           0        19           set_robust_list
  0.03    0.000004           0         9           rseq
  0.02    0.000003           1         2           poll
  0.02    0.000003           3         1           getpgrp
  0.02    0.000003           0         9           set_tid_address
  0.00    0.000000           0         2           munmap
  0.00    0.000000           0         1           getresuid
  0.00    0.000000           0         1           getresgid
  0.00    0.000000           0         1         1 splice
------ ----------- ----------- --------- --------- ----------------
100.00    0.012540           7      1625       168 total
