% time     seconds  usecs/call     calls    errors syscall
------ ----------- ----------- --------- --------- ----------------
 35.39    0.000155           4        33        14 openat
 16.21    0.000071           2        30           mmap
 10.50    0.000046           2        21           close
  8.45    0.000037           1        19           fstat
  5.71    0.000025           5         5           write
  4.34    0.000019           3         5           mprotect
  3.42    0.000015           2         7           rt_sigaction
  3.42    0.000015           3         4         4 ioctl
  2.51    0.000011           1         7           read
  2.05    0.000009           9         1           pipe2
  1.83    0.000008           1         6           newfstatat
  1.14    0.000005           1         3           brk
  1.14    0.000005           5         1           tee
  0.91    0.000004           2         2           fcntl
  0.68    0.000003           3         1           futex
  0.68    0.000003           1         2           getrandom
  0.46    0.000002           2         1           geteuid
  0.46    0.000002           2         1           getppid
  0.23    0.000001           1         1         1 lseek
  0.23    0.000001           1         1           getpid
  0.23    0.000001           1         1           prlimit64
  0.00    0.000000           0         1         1 access
  0.00    0.000000           0         1           execve
  0.00    0.000000           0         1           arch_prctl
  0.00    0.000000           0         1           set_tid_address
  0.00    0.000000           0         1           set_robust_list
  0.00    0.000000           0         1           rseq
------ ----------- ----------- --------- --------- ----------------
100.00    0.000438           2       158        20 total
