% time     seconds  usecs/call     calls    errors syscall
------ ----------- ----------- --------- --------- ----------------
 75.41    0.012162         868        14         4 wait4
  6.70    0.001081           3       296       118 openat
  3.93    0.000633           2       212           mmap
  3.16    0.000509           1       258         2 close
  2.03    0.000328           1       173           fstat
  1.66    0.000268          26        10           clone
  1.66    0.000268          20        13         4 execve
  1.04    0.000168           2        58           read
  0.78    0.000126           2        48        12 newfstatat
  0.63    0.000102          17         6           faccessat2
  0.50    0.000080           2        31           mprotect
  0.37    0.000059           5        10           getdents64
  0.33    0.000054           1        31           fcntl
  0.22    0.000035           1        29           brk
  0.18    0.000029           3         9           pipe2
  0.17    0.000028           1        16           dup2
  0.14    0.000022           1        18           getrandom
  0.12    0.000019           4         4           write
  0.12    0.000019           2         9           futex
  0.09    0.000014           1         9           rt_sigaction
  0.09    0.000014           0        30           rt_sigprocmask
  0.08    0.000013           2         5           getpid
  0.08    0.000013           1        13           prlimit64
  0.06    0.000009           2         4         4 ioctl
  0.06    0.000009           1         9         9 access
  0.05    0.000008           2         4         2 fadvise64
  0.04    0.000007           0         8           rt_sigreturn
  0.04    0.000007           3         2           fchdir
  0.04    0.000007           0        19           set_robust_list
  0.04    0.000007           0         9           rseq
  0.03    0.000005           2         2           munmap
  0.03    0.000005           2         2           uname
  0.03    0.000005           5         1           getppid
  0.03    0.000005           0         9           set_tid_address
  0.02    0.000004           0         9           arch_prctl
  0.02    0.000003           3         1           geteuid
  0.01    0.000002           2         1         1 splice
  0.00    0.000000           0         2           poll
------ ----------- ----------- --------- --------- ----------------
100.00    0.016127          11      1384       156 total
