% time     seconds  usecs/call     calls    errors syscall
------ ----------- ----------- --------- --------- -------------------
 64.45    1.239117         225      5491           wait4
  3.84    0.073745          13      5287           execve
  3.37    0.064867           0     67431           mmap
  3.26    0.062743           1     31559      1138 openat
  3.08    0.059304           0     85277        93 close
  2.55    0.049089           0     51842        22 read
  2.02    0.038808           0    334860           rt_sigaction
  1.94    0.037321           1     26084       148 write
  1.79    0.034348           6      5082           vfork
  1.43    0.027515           0     29073      5554 newfstatat
  1.40    0.026876           1     21161           mprotect
  1.37    0.026363           1     20582           poll
  1.28    0.024698         122       202           clone
  1.10    0.021213           1     17051           pipe2
  1.07    0.020619           0     35898        46 fstat
  1.05    0.020116          15      1335           unlink
  1.04    0.020003           0     23109           brk
  0.65    0.012541           0     32380           rt_sigprocmask
  0.36    0.006913           0     13107     11819 lseek
  0.34    0.006535          12       506           unlinkat
  0.31    0.005973           0     11061           getrandom
  0.30    0.005836           0      8365      5287 access
  0.22    0.004313           2      1894           munmap
  0.21    0.004122           8       472        28 mkdir
  0.18    0.003365           0      4495       100 fcntl
  0.15    0.002961           0      5833           prlimit64
  0.15    0.002958           1      1696           getdents64
  0.12    0.002244           0      5287           arch_prctl
  0.12    0.002235           0     10570           close_range
  0.11    0.002189           0      5287           set_tid_address
  0.11    0.002174           0      5287           rseq
  0.11    0.002122           0      5489           set_robust_list
  0.10    0.002016           0      2383       548 fadvise64
  0.09    0.001778          10       164           rmdir
  0.09    0.001726           0      1868        22 statx
  0.05    0.001009           7       128           symlink
  0.03    0.000558           1       410       168 clock_nanosleep
  0.02    0.000417           0     15864           dup2
  0.02    0.000377           0      5284           chdir
  0.01    0.000238           0       361           sysinfo
  0.01    0.000182           1       133         4 readlink
  0.01    0.000182           0       285           sched_getaffinity
  0.01    0.000145           0       231       125 ioctl
  0.01    0.000110           0       230           sched_getscheduler
  0.00    0.000086           3        27         4 splice
  0.00    0.000067           0       406           gettid
  0.00    0.000066           0       146           geteuid
  0.00    0.000066           0       146           getegid
  0.00    0.000061           0        67           futex
  0.00    0.000060           0       146           getgid
  0.00    0.000056           0       146           getuid
  0.00    0.000051           0        83           getpid
  0.00    0.000047           0        69           getcwd
  0.00    0.000032           0        37         9 vmsplice
  0.00    0.000030           0        60           dup3
  0.00    0.000024          12         2           clone3
  0.00    0.000007           3         2           chmod
  0.00    0.000003           0         9           fstatfs
  0.00    0.000001           1         1           uname
  0.00    0.000001           0         6         5 ftruncate
  0.00    0.000000           0         1           open
  0.00    0.000000           0         1           epoll_create1
------ ----------- ----------- --------- --------- -------------------
100.00    1.922622           2    901749     25120 total
