% time     seconds  usecs/call     calls    errors syscall
------ ----------- ----------- --------- --------- ----------------
 20.80    0.000094           1        69        26 openat
 14.38    0.000065           0        75           mmap
 12.61    0.000057           2        26         5 newfstatat
  9.96    0.000045           0        47           close
  7.52    0.000034           0        48           fstat
  5.75    0.000026          26         1           clone3
  4.20    0.000019           9         2           getdents64
  3.76    0.000017          17         1           wait4
  3.32    0.000015           1        10           rt_sigaction
  3.10    0.000014           1         9           rt_sigprocmask
  2.43    0.000011          11         1           write
  2.21    0.000010           0        15           read
  1.99    0.000009           1         9           fcntl
  1.77    0.000008           1         7           brk
  1.11    0.000005           5         1           munmap
  1.11    0.000005           5         1           getgid
  0.88    0.000004           1         3         2 access
  0.66    0.000003           1         3         3 ioctl
  0.66    0.000003           3         1           getcwd
  0.66    0.000003           3         1           chdir
  0.66    0.000003           3         1           getuid
  0.22    0.000001           1         1           geteuid
  0.22    0.000001           1         1           getegid
  0.00    0.000000           0        13           mprotect
  0.00    0.000000           0         2           execve
  0.00    0.000000           0         2           arch_prctl
  0.00    0.000000           0         2           futex
  0.00    0.000000           0         2           set_tid_address
  0.00    0.000000           0         4           unlinkat
  0.00    0.000000           0         2           set_robust_list
  0.00    0.000000           0         2           prlimit64
  0.00    0.000000           0         4           getrandom
  0.00    0.000000           0         2           rseq
------ ----------- ----------- --------- --------- ----------------
100.00    0.000452           1       368        36 total
