% time     seconds  usecs/call     calls    errors syscall
------ ----------- ----------- --------- --------- ----------------
 87.81    0.102201       10220        10           wait4
  2.90    0.003380           1      1700      1685 readlink
  2.02    0.002355           3       655       290 openat
  1.58    0.001840           1      1348           lseek
  1.09    0.001269           1       651           read
  0.85    0.000992           2       430           mmap
  0.64    0.000750           2       367           close
  0.57    0.000663           1       337       146 newfstatat
  0.54    0.000631           1       414           fstat
  0.33    0.000382           0       476           futex
  0.22    0.000259           2        90           mprotect
  0.21    0.000246           3        71           write
  0.20    0.000229           1       133           brk
  0.16    0.000184           1        93        51 access
  0.13    0.000147           1        74           rt_sigaction
  0.12    0.000144           6        23           munmap
  0.10    0.000115           1        73           fcntl
  0.08    0.000088           2        43           getrusage
  0.07    0.000085          14         6           unlink
  0.07    0.000079           7        10           clone3
  0.05    0.000056           1        31           prlimit64
  0.04    0.000050           0        75           rt_sigprocmask
  0.04    0.000049           1        32        32 ioctl
  0.03    0.000040           2        18           getcwd
  0.03    0.000030          15         2           pread64
  0.02    0.000028           4         6           getdents64
  0.02    0.000024           0        27           getrandom
  0.01    0.000012           1        11           rseq
  0.01    0.000010           1         6           sysinfo
  0.01    0.000010           0        11           arch_prctl
  0.01    0.000010           3         3           faccessat2
  0.01    0.000008           0        11           set_robust_list
  0.01    0.000007           7         1           chmod
  0.01    0.000007           0        11           set_tid_address
  0.00    0.000004           2         2           umask
  0.00    0.000003           1         2           dup
  0.00    0.000002           0         4           geteuid
  0.00    0.000001           1         1           chdir
  0.00    0.000001           0         4           getuid
  0.00    0.000001           0         4           getgid
  0.00    0.000000           0        15         4 execve
  0.00    0.000000           0         4           getegid
------ ----------- ----------- --------- --------- ----------------
100.00    0.116392          15      7285      2208 total
