% time     seconds  usecs/call     calls    errors syscall
------ ----------- ----------- --------- --------- ----------------
 25.62    0.000602           4       123           poll
 17.15    0.000403           1       303       101 recvfrom
 11.70    0.000275           4        58         5 futex
  9.91    0.000233           0       332           rt_sigaction
  5.32    0.000125           0       138           write
  4.98    0.000117           1        79        21 openat
  4.72    0.000111           0       211       107 read
  4.13    0.000097           0       145           mmap
  2.81    0.000066          16         4           clone3
  2.72    0.000064           1        33           mprotect
  2.34    0.000055           0        73           close
  1.53    0.000036           0        61           fstat
  1.23    0.000029           0        41           rt_sigprocmask
  1.23    0.000029           0        40           newfstatat
  1.19    0.000028           1        21           brk
  0.89    0.000021           1        14           sendto
  0.51    0.000012           4         3           munmap
  0.47    0.000011           2         5           rseq
  0.43    0.000010           2         5           set_robust_list
  0.34    0.000008           1         6           madvise
  0.17    0.000004           0        13           socket
  0.17    0.000004           1         4           fcntl
  0.17    0.000004           2         2           eventfd2
  0.09    0.000002           0         6           lseek
  0.04    0.000001           0         7         1 ioctl
  0.04    0.000001           1         1           geteuid
  0.04    0.000001           1         1           prlimit64
  0.04    0.000001           0         3           getrandom
  0.00    0.000000           0         2         1 access
  0.00    0.000000           0        16           getpid
  0.00    0.000000           0        12         6 connect
  0.00    0.000000           0         6           getsockname
  0.00    0.000000           0        16           setsockopt
  0.00    0.000000           0         2           getsockopt
  0.00    0.000000           0         1           execve
  0.00    0.000000           0         4           uname
  0.00    0.000000           0         1           arch_prctl
  0.00    0.000000           0         1           set_tid_address
------ ----------- ----------- --------- --------- ----------------
100.00    0.002350           1      1793       242 total
