% time     seconds  usecs/call     calls    errors syscall
------ ----------- ----------- --------- --------- ----------------
 23.68    0.000197           8        22           poll
 18.99    0.000158           1       145           mmap
 15.62    0.000130           2        48         2 futex
 14.66    0.000122           1        74        19 openat
  3.97    0.000033           0        64           close
  3.85    0.000032           0       113        16 read
  3.25    0.000027           0        36           newfstatat
  2.28    0.000019           0        58           fstat
  1.92    0.000016           0        21           rt_sigprocmask
  1.56    0.000013           0        33           mprotect
  1.44    0.000012           2         6         4 connect
  1.44    0.000012           6         2           clone3
  1.20    0.000010           1         7           socket
  0.84    0.000007           2         3           munmap
  0.60    0.000005           0        59           rt_sigaction
  0.60    0.000005           0        12           setsockopt
  0.60    0.000005           1         3           rseq
  0.48    0.000004           2         2         1 access
  0.48    0.000004           0         9           sendto
  0.36    0.000003           0         4           madvise
  0.36    0.000003           1         3           set_robust_list
  0.24    0.000002           0         4           lseek
  0.24    0.000002           0         3         1 ioctl
  0.24    0.000002           0        41        14 recvfrom
  0.24    0.000002           1         2           uname
  0.12    0.000001           0         8           write
  0.12    0.000001           0         5           getsockname
  0.12    0.000001           1         1           getsockopt
  0.12    0.000001           1         1           arch_prctl
  0.12    0.000001           1         1           set_tid_address
  0.12    0.000001           0         2           eventfd2
  0.12    0.000001           0         3           getrandom
  0.00    0.000000           0        18           brk
  0.00    0.000000           0        16           getpid
  0.00    0.000000           0         1           execve
  0.00    0.000000           0         3           fcntl
  0.00    0.000000           0         1           geteuid
  0.00    0.000000           0         1           prlimit64
------ ----------- ----------- --------- --------- ----------------
100.00    0.000832           0       835        57 total
