% time     seconds  usecs/call     calls    errors syscall
------ ----------- ----------- --------- --------- ----------------
 29.19    0.037869           4      8869           write
 27.02    0.035057           1     22555      9125 recvfrom
 20.73    0.026901           2      9177           poll
 15.83    0.020544           0     27494           rt_sigaction
  6.08    0.007892           0      9267      9161 read
  0.50    0.000644          11        55         5 futex
  0.10    0.000128           0       145           mmap
  0.06    0.000084           2        33           mprotect
  0.06    0.000074           0        80        21 openat
  0.05    0.000069           2        27           sendto
  0.05    0.000068           3        19         6 connect
  0.05    0.000060          15         4           clone3
  0.04    0.000056           0        76           close
  0.04    0.000049           1        40           newfstatat
  0.03    0.000045           1        41           rt_sigprocmask
  0.03    0.000033           2        15           socket
  0.02    0.000028           0        63           fstat
  0.01    0.000018           3         6           madvise
  0.01    0.000018           3         5           set_robust_list
  0.01    0.000018           3         5           rseq
  0.01    0.000015           5         3           munmap
  0.01    0.000013           0        20           brk
  0.01    0.000013           0        16           setsockopt
  0.01    0.000011           5         2         1 access
  0.01    0.000010           0        11           getsockname
  0.01    0.000007           1         6           ioctl
  0.00    0.000003           1         2           getsockopt
  0.00    0.000002           0         6           lseek
  0.00    0.000002           0         4           uname
  0.00    0.000002           0         3           fcntl
  0.00    0.000002           0         3           getrandom
  0.00    0.000001           0        25           getpid
  0.00    0.000001           1         1           arch_prctl
  0.00    0.000001           1         1           set_tid_address
  0.00    0.000000           0         2           recvmsg
  0.00    0.000000           0         1           bind
  0.00    0.000000           0         1           execve
  0.00    0.000000           0         1           geteuid
  0.00    0.000000           0         2           eventfd2
  0.00    0.000000           0         1           prlimit64
------ ----------- ----------- --------- --------- ----------------
100.00    0.129738           1     78087     18319 total
