% time     seconds  usecs/call     calls    errors syscall
------ ----------- ----------- --------- --------- ----------------
 52.88    0.013049        3262         4         1 wait4
 16.85    0.004157           2      1787         8 newfstatat
  5.39    0.001329           2       466        62 openat
  5.18    0.001277           4       259           mmap
  3.48    0.000858          35        24           getdents64
  3.39    0.000836           1       436           close
  3.01    0.000743           1       593           read
  2.37    0.000586           1       413           fstat
  2.19    0.000540         135         4           execve
  1.84    0.000453         151         3           clone
  1.02    0.000251          50         5           unlink
  0.41    0.000102           2        51           mprotect
  0.19    0.000048           2        18           write
  0.17    0.000042          42         1           rmdir
  0.16    0.000040           0        83         4 rt_sigaction
  0.16    0.000040          20         2           rename
  0.15    0.000037           1        23           brk
  0.14    0.000035           8         4           socketpair
  0.11    0.000028           1        25           futex
  0.10    0.000024           0        32           lseek
  0.10    0.000024           3         8         4 access
  0.09    0.000023           0        24           rt_sigprocmask
  0.09    0.000022           7         3         3 readlink
  0.07    0.000017           4         4           munmap
  0.07    0.000017           1        17         8 faccessat2
  0.05    0.000012           6         2           poll
  0.04    0.000009           9         1           utimensat
  0.04    0.000009           1         8           getrandom
  0.03    0.000008           2         3           uname
  0.02    0.000006           3         2           fchdir
  0.02    0.000006           1         4           arch_prctl
  0.02    0.000006           1         4           set_tid_address
  0.02    0.000006           1         4           rseq
  0.02    0.000005           0         9         9 ioctl
  0.02    0.000005           0         7           set_robust_list
  0.02    0.000004           0         6         1 fcntl
  0.02    0.000004           1         4           chdir
  0.01    0.000003           3         1           getcwd
  0.01    0.000003           3         1           getresuid
  0.01    0.000003           3         1           getresgid
  0.01    0.000002           2         1           rt_sigreturn
  0.01    0.000002           0         4           getpid
  0.01    0.000002           0         3           getppid
  0.01    0.000002           0         6           prlimit64
  0.00    0.000001           0         4           getuid
  0.00    0.000000           0         7           dup2
  0.00    0.000000           0         1           socket
  0.00    0.000000           0         1           fsync
  0.00    0.000000           0         1           fdatasync
  0.00    0.000000           0         3         3 mkdir
  0.00    0.000000           0         1           chmod
  0.00    0.000000           0         4           umask
  0.00    0.000000           0         2           getgid
  0.00    0.000000           0         2           geteuid
  0.00    0.000000           0         2           getegid
  0.00    0.000000           0         1           getpgrp
  0.00    0.000000           0         1           readlinkat
  0.00    0.000000           0         2           eventfd2
------ ----------- ----------- --------- --------- ----------------
100.00    0.024676           5      4392       103 total
