% time     seconds  usecs/call     calls    errors syscall
------ ----------- ----------- --------- --------- ------------------
 45.00    0.150931        5204        29         3 wait4
 11.93    0.040027         889        45           clone
  8.36    0.028054           2     11436       117 read
  5.54    0.018595         715        26           execve
  3.61    0.012115           5      2207       506 openat
  3.55    0.011906           4      2629       307 newfstatat
  3.31    0.011116           2      5509           lseek
  2.99    0.010019          61       164         1 futex
  2.94    0.009873           9      1015           poll
  2.55    0.008562           4      1793           mmap
  2.26    0.007592           2      3414           write
  1.71    0.005723           2      2082           close
  0.90    0.003022           2      1322           fstat
  0.65    0.002174           6       350           munmap
  0.40    0.001346           4       299           mprotect
  0.37    0.001257          12       100        40 connect
  0.35    0.001181           4       282           rt_sigprocmask
  0.33    0.001109           1       749         8 rt_sigaction
  0.32    0.001082           1       543       273 recvfrom
  0.24    0.000819           1       471           brk
  0.23    0.000782          35        22           rename
  0.18    0.000597          11        51           socket
  0.17    0.000557          10        55           sendto
  0.16    0.000536           3       165       124 access
  0.14    0.000486          48        10           clone3
  0.13    0.000421           7        60           setsockopt
  0.12    0.000419           1       252         2 fcntl
  0.12    0.000393          14        27         3 mkdir
  0.11    0.000359           1       301           umask
  0.10    0.000347           6        53           pipe2
  0.09    0.000292           5        55           getsockname
  0.08    0.000261          11        22         3 readlink
  0.07    0.000247          15        16           mlock
  0.07    0.000243           3        75           utimensat
  0.07    0.000234          11        21           getdents64
  0.07    0.000225          16        14           uname
  0.05    0.000169           8        20           recvmsg
  0.05    0.000165           2        81           set_robust_list
  0.05    0.000158           4        39        29 ioctl
  0.05    0.000152           3        42           fchown
  0.04    0.000150         150         1           fdatasync
  0.04    0.000135           2        63           prlimit64
  0.04    0.000126           3        36           rseq
  0.03    0.000112           2        47        46 unlink
  0.03    0.000111           2        54           getrandom
  0.03    0.000104          10        10           madvise
  0.03    0.000102           2        51           getuid
  0.03    0.000101          10        10           bind
  0.03    0.000087           4        21         3 faccessat2
  0.03    0.000086           7        11           chown
  0.02    0.000081           3        22           lchown
  0.02    0.000078           1        70           geteuid
  0.02    0.000063          15         4           symlink
  0.02    0.000061           5        11           chmod
  0.02    0.000059           2        28           dup
  0.01    0.000050           1        26           arch_prctl
  0.01    0.000048           2        18           fchmod
  0.01    0.000046          46         1           fsync
  0.01    0.000045          45         1           rmdir
  0.01    0.000038           0        51           dup2
  0.01    0.000036           1        26           set_tid_address
  0.01    0.000028           0        63           getpid
  0.01    0.000021           1        12           chdir
  0.00    0.000016           2         8           fchdir
  0.00    0.000012           6         2           name_to_handle_at
  0.00    0.000011           1         6           socketpair
  0.00    0.000008           8         1           kill
  0.00    0.000008           8         1           readlinkat
  0.00    0.000006           1         4         4 fchmodat2
  0.00    0.000004           0         6           getgid
  0.00    0.000004           2         2           getresuid
  0.00    0.000003           1         3           rt_sigreturn
  0.00    0.000002           0         5           getsockopt
  0.00    0.000002           0         6           getegid
  0.00    0.000002           1         2           getresgid
  0.00    0.000000           0         2           getcwd
  0.00    0.000000           0         1           setuid
  0.00    0.000000           0         1           setgid
  0.00    0.000000           0         6           getppid
  0.00    0.000000           0         2           getpgrp
  0.00    0.000000           0         1           setgroups
  0.00    0.000000           0         2           prctl
  0.00    0.000000           0         2           eventfd2
  0.00    0.000000           0        11         7 seccomp
  0.00    0.000000           0        19           close_range
------ ----------- ----------- --------- --------- ------------------
100.00    0.335392           9     36576      1476 total
