% time     seconds  usecs/call     calls    errors syscall
------ ----------- ----------- --------- --------- ----------------
 52.37    0.240717        2674        90         5 futex
 26.76    0.123022      123022         1           wait4
  7.54    0.034645           2     12939           write
  7.15    0.032844           2     13113      1167 read
  1.75    0.008048           6      1177           poll
  1.64    0.007520           3      1882       726 recvfrom
  1.38    0.006323           1      3551         2 rt_sigaction
  0.30    0.001365          12       110        23 openat
  0.17    0.000770           3       213           mmap
  0.11    0.000514           4       111           close
  0.10    0.000442          11        40        16 connect
  0.09    0.000391           5        76        10 newfstatat
  0.07    0.000326           6        50           rt_sigprocmask
  0.07    0.000320         320         1           clone
  0.06    0.000269          12        21           socket
  0.05    0.000228           2        92           fstat
  0.05    0.000213           4        49           mprotect
  0.04    0.000180          45         4         3 mkdir
  0.04    0.000177           8        22           sendto
  0.03    0.000145          48         3           unlink
  0.02    0.000114          28         4           rename
  0.02    0.000112          28         4           clone3
  0.02    0.000108          13         8           madvise
  0.02    0.000098           4        24           setsockopt
  0.02    0.000087          29         3         1 access
  0.02    0.000074           9         8           recvmsg
  0.01    0.000068           3        22           getsockname
  0.01    0.000063          31         2           ftruncate
  0.01    0.000057           3        16           lseek
  0.01    0.000047          11         4           munmap
  0.01    0.000045          45         1           rmdir
  0.01    0.000037           6         6           set_robust_list
  0.01    0.000027           3         7         3 ioctl
  0.01    0.000027           9         3           chown
  0.01    0.000027           5         5           rseq
  0.01    0.000025           1        13         4 faccessat2
  0.01    0.000023           5         4           bind
  0.01    0.000023           3         6           uname
  0.00    0.000019           2         8           umask
  0.00    0.000015           1         9           getuid
  0.00    0.000014           7         2           utimensat
  0.00    0.000013           6         2           chmod
  0.00    0.000013           6         2           getdents64
  0.00    0.000011          11         1           pipe2
  0.00    0.000010           2         4           getrandom
  0.00    0.000009           0        19           brk
  0.00    0.000009           0        25           getpid
  0.00    0.000004           2         2           fcntl
  0.00    0.000003           3         1           kill
  0.00    0.000003           1         3         3 readlink
  0.00    0.000002           1         2           getsockopt
  0.00    0.000002           2         1           arch_prctl
  0.00    0.000002           2         1           set_tid_address
  0.00    0.000000           0         1           execve
  0.00    0.000000           0         1           chdir
  0.00    0.000000           0         1           setuid
  0.00    0.000000           0         1           setgid
  0.00    0.000000           0         1           setgroups
  0.00    0.000000           0         2           prctl
  0.00    0.000000           0         2           eventfd2
  0.00    0.000000           0         1           prlimit64
  0.00    0.000000           0        11         7 seccomp
------ ----------- ----------- --------- --------- ----------------
100.00    0.459650          13     33788      1970 total
