% time     seconds  usecs/call     calls    errors syscall
------ ----------- ----------- --------- --------- ----------------
 23.89    0.001318           4       269        15 openat
 20.09    0.001108           2       435           read
 15.97    0.000881           4       191           mmap
 15.41    0.000850           3       235           newfstatat
 13.52    0.000746           2       257           close
  9.41    0.000519           2       257           fstat
  0.73    0.000040           0        42           mprotect
  0.31    0.000017           8         2         2 access
  0.25    0.000014           1         9           brk
  0.13    0.000007           1         4         4 ioctl
  0.07    0.000004           0         5           rt_sigaction
  0.07    0.000004           1         4           getdents64
  0.04    0.000002           2         1           arch_prctl
  0.04    0.000002           1         2           getrandom
  0.04    0.000002           2         1           rseq
  0.02    0.000001           1         1           set_tid_address
  0.02    0.000001           1         1           set_robust_list
  0.00    0.000000           0         1           write
  0.00    0.000000           0         5           lseek
  0.00    0.000000           0         1           socket
  0.00    0.000000           0         1           execve
  0.00    0.000000           0         2           uname
  0.00    0.000000           0         3         3 readlink
  0.00    0.000000           0         2           getuid
  0.00    0.000000           0        22           futex
  0.00    0.000000           0         2           eventfd2
  0.00    0.000000           0         1           prlimit64
  0.00    0.000000           0         7         2 faccessat2
------ ----------- ----------- --------- --------- ----------------
100.00    0.005516           3      1763        26 total
