% time     seconds  usecs/call     calls    errors syscall
------ ----------- ----------- --------- --------- ----------------
 31.66    0.008153        8153         1           wait4
 13.56    0.003491          45        77         2 futex
 12.93    0.003331         151        22           poll
  7.99    0.002058           7       259        12 newfstatat
  6.07    0.001564           1      1393        12 read
  3.65    0.000939           4       214           mmap
  3.28    0.000845           7       115        24 openat
  2.27    0.000584           5       115           close
  2.24    0.000577          12        46           rt_sigprocmask
  2.05    0.000528           1       349           brk
  1.89    0.000487          12        40        16 connect
  1.25    0.000321          15        21           socket
  1.19    0.000307         307         1           clone
  1.03    0.000264           1       165           write
  0.94    0.000241           2        96           fstat
  0.73    0.000187           3        49           mprotect
  0.72    0.000185           8        22           sendto
  0.59    0.000152           6        22           getsockname
  0.58    0.000149          29         5           munmap
  0.54    0.000139          23         6           getdents64
  0.52    0.000135          22         6           unlink
  0.50    0.000129          32         4           clone3
  0.46    0.000118           1        86         2 rt_sigaction
  0.45    0.000115           4        24           setsockopt
  0.39    0.000101          16         6           uname
  0.32    0.000083           1        43         9 recvfrom
  0.26    0.000066          11         6           set_robust_list
  0.23    0.000058           8         7         3 ioctl
  0.23    0.000058           7         8           recvmsg
  0.22    0.000056           3        17           lseek
  0.19    0.000050          50         1           rmdir
  0.16    0.000041          20         2         1 access
  0.16    0.000040          10         4           madvise
  0.14    0.000037           9         4           bind
  0.14    0.000035           1        25           getpid
  0.10    0.000026           5         5           rseq
  0.09    0.000024          12         2           ftruncate
  0.09    0.000023           1        13         4 faccessat2
  0.05    0.000012           1         7         6 mkdir
  0.05    0.000012           1         7           getuid
  0.04    0.000011           1         6           umask
  0.04    0.000010           3         3         3 readlink
  0.02    0.000005           1         4           getrandom
  0.01    0.000002           1         2           getsockopt
  0.01    0.000002           2         1           kill
  0.00    0.000001           1         1           arch_prctl
  0.00    0.000001           1         1           set_tid_address
  0.00    0.000000           0         1           execve
  0.00    0.000000           0         2           fcntl
  0.00    0.000000           0         1           chdir
  0.00    0.000000           0         1           chown
  0.00    0.000000           0         1           setuid
  0.00    0.000000           0         1           setgid
  0.00    0.000000           0         1           setgroups
  0.00    0.000000           0         2           prctl
  0.00    0.000000           0         2           eventfd2
  0.00    0.000000           0         1           pipe2
  0.00    0.000000           0         1           prlimit64
  0.00    0.000000           0        11         7 seccomp
------ ----------- ----------- --------- --------- ----------------
100.00    0.025753           7      3338       101 total
