% time     seconds  usecs/call     calls    errors syscall
------ ----------- ----------- --------- --------- ----------------
 33.53    0.000802           3       242         3 newfstatat
 12.96    0.000310           7        42           mprotect
 11.12    0.000266           3        81        13 openat
  9.32    0.000223           1       191           mmap
  6.31    0.000151           2        71           close
  6.27    0.000150           2        73           read
  5.27    0.000126          31         4           getdents64
  3.72    0.000089           1        70           fstat
  3.30    0.000079           6        13           brk
  2.72    0.000065           2        22           futex
  0.79    0.000019           2         7         2 faccessat2
  0.75    0.000018           6         3           write
  0.54    0.000013           2         5           rt_sigaction
  0.42    0.000010          10         1           socket
  0.38    0.000009           1         5           lseek
  0.38    0.000009           4         2           eventfd2
  0.33    0.000008           4         2           getrandom
  0.29    0.000007           2         3         3 ioctl
  0.29    0.000007           2         3         3 readlink
  0.29    0.000007           3         2           getuid
  0.25    0.000006           3         2         1 access
  0.21    0.000005           2         2           uname
  0.17    0.000004           4         1           prlimit64
  0.13    0.000003           3         1           fcntl
  0.08    0.000002           2         1           arch_prctl
  0.08    0.000002           2         1           set_tid_address
  0.04    0.000001           1         1           set_robust_list
  0.04    0.000001           1         1           rseq
  0.00    0.000000           0         1           execve
------ ----------- ----------- --------- --------- ----------------
100.00    0.002392           2       853        25 total
