% time     seconds  usecs/call     calls    errors syscall
------ ----------- ----------- --------- --------- -------------------
 62.08    1.076029         197      5443           wait4
  4.06    0.070424          13      5287           execve
  3.51    0.060763           2     20991      1138 openat
  3.45    0.059850           0     74709        93 close
  3.07    0.053291           1     43898        22 read
  2.73    0.047389           1     26133       148 write
  2.45    0.042384           0    334860           rt_sigaction
  2.09    0.036207           7      5082           vfork
  1.87    0.032489          24      1335           unlink
  1.66    0.028767           1     20521           poll
  1.50    0.025953           0     28964           brk
  1.42    0.024530           0     24740           mmap
  1.34    0.023281           1     17051           pipe2
  1.24    0.021563           1     18505      5554 newfstatat
  1.01    0.017572           0     25330        46 fstat
  0.96    0.016648          82       202           clone
  0.83    0.014424           0     31960           rt_sigprocmask
  0.80    0.013864           1     10593           mprotect
  0.42    0.007271           0     13107     11819 lseek
  0.36    0.006317           2      2642           readlinkat
  0.36    0.006234          12       506           unlinkat
  0.32    0.005624           0     11203           getrandom
  0.28    0.004880           0      5723      2645 access
  0.24    0.004153           2      1839           munmap
  0.24    0.004078           8       472        28 mkdir
  0.24    0.004074           0      4495       100 fcntl
  0.16    0.002718           0      5833           prlimit64
  0.15    0.002524           1      2383       548 fadvise64
  0.14    0.002411           1      1696           getdents64
  0.13    0.002283           0     10570           close_range
  0.13    0.002239           0      5287           arch_prctl
  0.12    0.002086           0      5287           rseq
  0.12    0.002054           0      5287           set_tid_address
  0.12    0.002007           0      5489           set_robust_list
  0.12    0.001999          12       164           rmdir
  0.07    0.001160           0      1868        22 statx
  0.05    0.000836           6       128           symlink
  0.03    0.000533           0     15864           dup2
  0.03    0.000506           1       326       132 clock_nanosleep
  0.03    0.000444           0      5284           chdir
  0.02    0.000273           0       361           sysinfo
  0.01    0.000157           0       285           sched_getaffinity
  0.01    0.000145           0       231       125 ioctl
  0.01    0.000118           0       133         4 readlink
  0.01    0.000108           0       230           sched_getscheduler
  0.00    0.000068           0       146           getgid
  0.00    0.000066           0       146           getegid
  0.00    0.000063           0       146           getuid
  0.00    0.000062           0       146           geteuid
  0.00    0.000061           0       406           gettid
  0.00    0.000057           0        67           futex
  0.00    0.000057           0        60           dup3
  0.00    0.000056           0        83           getpid
  0.00    0.000037           0        69           getcwd
  0.00    0.000021           0        34         9 vmsplice
  0.00    0.000013          13         1           open
  0.00    0.000011           0        27         4 splice
  0.00    0.000010           1         6         5 ftruncate
  0.00    0.000010           1         9           fstatfs
  0.00    0.000004           2         2           chmod
  0.00    0.000000           0         1           uname
  0.00    0.000000           0         1           epoll_create1
  0.00    0.000000           0         2           clone3
------ ----------- ----------- --------- --------- -------------------
100.00    1.733256           2    803649     22442 total
